2124
2079
2053
2006
1988
1967
1936
1936
1929
1917
1908
1907
1910
1888
1902
1901
1908
1905
1911
1907
1899
1908
1906
1914
1918
1914
1907
1915
1928
1928
1927
1939
1941
1949
1959
1968
1980
1977
1985
1998
2005
2012
2024
2036
2043
2061
2068
2070
2079
2092
2106
2119
2126
2130
2132
2124
2141
2143
2153
2144
2151
2148
2150
2137
2144
2148
2139
2137
2132
2131
2130
2129
2096
2091
2096
2101
2099
2103
2114
2107
2110
2105
2104
2061
2067
2074
2068
2073
2048
2053
2041
2019
2018
2022
2014
2010
2004
2004
2003
1999
1998
1997
1993
1991
1982
1979
1971
1985
1990
1987
1991
1985
1997
1997
2004
2013
2013
2014
2024
2023
2028
2027
2021
2029
2029
2042
2040
2037
2033
2037
2029
2036
2025
2026
2024
2018
2018
2008
2020
2025
2024
2028
2013
2014
2012
2015
2002
2008
2013
2006
2008
2007
2008
2007
2014
2010
2009
2004
2016
2013
2019
2015
2004
2001
2000
2011
2016
2004
1994
2004
2007
2010
2011
2015
2022
2014
2020
1999
2013
2007
2007
2017
2004
2007
2011
2016
2013
2022
2010
2017
2009
2007
2022
2017
2016
2018
2021
2019
2017
2019
2012
2009
2014
2022
2025
2034
2023
2031
2025
2021
2017
2015
2021
2028
2020
2026
2019
2027
2024
2026
2022
2020
2020
2034
2020
2023
2027
2028
2029
2035
2029
2038
2034
2037
2047
2026
2031
2031
2029
2038
2030
2033
2030
2046
2043
2031
2041
2043
2055
2048
2056
2056
2073
2080
2083
2081
2084
2091
2094
2087
2106
2105
2111
2123
2123
2144
2147
2154
2156
2156
2166
2176
2181
2193
2196
2213
2213
2222
2228
2231
2248
2239
2238
2257
2267
2260
2268
2205
2221
2237
2240
2236
2249
2241
2258
2251
2269
2203
2206
2208
2207
2214
2226
2228
2235
2240
2232
2245
2256
2260
2207
2217
2209
2222
2230
2231
2242
2242
2245
2198
2199
2209
2207
2210
2215
2237
2241
2229
2235
2163
2243
2245
2247
2208
2206
2208
2215
2217
2231
2227
2239
2236
2242
2246
2240
2246
2199
2208
2214
2217
2222
2217
2222
2232
2242
2235
2240
2192
2192
2206
2194
2213
2205
2200
2219
2223
2219
2216
2225
2222
2236
2189
2182
2188
2198
2195
2202
2199
2212
2213
2206
2218
2213
2217
2220
2176
2185
2187
2192
2190
2205
2196
2198
2211
2173
2172
2178
2178
2185
2179
2188
2188
2194
2193
2203
2172
2186
2184
2183
2182
2189
2192
2189
2194
2160
2170
2171
2173
2176
2175
2176
2184
2171
2177
2185
2189
2173
2184
2183
2193
2185
2187
2184
2190
2189
2188
2184
2187
2187
2189
2176
2170
2169
2171
2163
2166
2162
2155
2155
2150
2140
2151
2149
2145
2150
2135
2135
2128
2132
2126
2113
2113
2106
2094
2094
2095
2083
2074
2073
2061
2060
2060
2050
2042
2038
2040
2028
2034
2041
2029
2016
2022
2026
2006
2011
2009
2019
2013
2023
2023
2004
2003
1993
2008
1998
1993
1994
1991
2000
1989
1990
1993
1995
1998
1987
1979
2001
2012
2012
2009
2014
2008
2007
2015
2016
2020
2018
2029
2029
2038
2042
2031
2046
2038
2032
2056
2049
2065
2063
2065
2065
2075
2067
2067
2057
2076
2085
2076
2077
2083
2090
2097
2097
2097
2093
2110
2098
2111
2127
2127
2125
2137
2129
2129
2149
2140
2156
2149
2157
2165
2158
2168
2160
2180
2165
2160
2180
2172
2183
2175
2185
2190
2178
2187
2195
2200
2199
2186
2212
2203
2207
2202
2215
2209
2206
2210
2204
2215
2207
2223
2208
2217
2219
2222
2216
2209
2213
2215
2219
2206
2215
2206
2218
2206
2219
2217
2210
2211
2210
2214
2211
2203
2207
2213
2208
2208
2208
2189
2197
2197
2203
2212
2206
2200
2217
2215
2204
2201
2211
2228
2214
2214
2209
2211
2198
2222
2216
2219
2220
2224
2228
2235
2247
2237
2240
2244
2251
2255
2256
2262
2260
2272
2265
2281
2278
2276
2289
2290
2288
2266
2282
2280
2284
2289
2296
2293
2291
2297
2306
2316
2317
2314
2322
2331
2328
2340
2263
2258
2263
2271
2273
2266
2273
2285
2281
2281
2271
2296
2287
2280
2300
2265
2256
2269
2284
2269
2274
2284
2276
2295
2291
2298
2302
2304
2274
2281
2280
2281
2288
2280
2286
2289
2286
2285
2300
2273
2280
2283
2291
2298
2290
2287
2293
2290
2298
2269
2278
2283
2271
2285
2282
2284
2279
2283
2276
2275
2284
2288
2283
2289
2288
2289
2293
2293
2298
2314
2297
2296
2292
2281
2294
2297
2303
2289
2297
2299
2301
2301
2291
2307
2305
2306
2309
2308
2299
2319
2315
2317
2315
2322
2321
2318
2333
2322
2328
2331
2329
2334
2333
2339
2337
2342
2339
2345
2348
2341
2344
2358
2356
2365
2357
2359
2330
2318
2334
2335
2344
2333
2342
2345
2340
2346
2335
2343
2348
2328
2329
2325
2331
2337
2328
2332
2336
2330
2337
2342
2343
2328
2339
2344
2344
2334
2364
2344
2353
2341
2352
2332
2338
2337
2339
2348
2326
2348
2343
2336
2340
2342
2342
2345
2341
2353
2341
2345
2339
2349
2339
2354
2356
2350
2351
2353
2346
2346
2345
2356
2349
2351
2342
2340
2344
2347
2339
2342
2347
2359
2358
2350
2351
2349
2369
2354
2357
2357
2362
2362
2361
2363
2369
2368
2369
2375
2376
2374
2346
2379
2381
2386
2383
2365
2363
2373
2371
2378
2366
2378
2383
2386
2382
2390
2383
2378
2387
2385
2352
2356
2354
2363
2365
2363
2363
2356
2347
2354
2349
2343
2331
2318
2308
2304
2287
2287
2271
2275
2272
2281
2253
2265
2257
2245
2248
2218
2229
2219
2214
2188
2210
2195
2181
2173
2169
2178
2163
2149
2204
2205
2190
2159
2182
2201
2195
2193
2165
2195
2199
2201
2195
2197
2192
2203
2199
2197
2200
2196
2191
2202
2192
2199
2197
2207
2201
2198
2202
2203
2197
2197
2201
2201
2201
2207
2212
2216
2206
2221
2212
2202
2211
2217
2220
2214
2224
2231
2219
2229
2237
2245
2240
2251
2253
2263
2277
2287
2302
2298
2310
2326
2338
2336
2328
2350
2350
2358
2365
2382
2391
2391
2462
2416
2409
2417
2430
2429
2440
2452
2460
2466
2469
2467
2484
2490
2493
2480
2496
2497
2493
2501
2489
2494
2498
2498
2508
2503
2493
2504
2507
2503
2505
2501
2501
2489
2500
2511
2519
2510
2513
2518
2522
2517
2511
2522
2522
2542
2519
2520
2518
2515
2517
2522
2520
2532
2540
2535
2534
2527
2530
2537
2531
2520
2523
2523
2521
2533
2527
2543
2542
2537
2551
2546
2548
2531
2543
2557
2541
2542
2544
2550
2549
2555
2549
2548
2556
2557
2492
2496
2518
2507
2509
2496
2505
2499
2513
2523
2523
2525
2520
2520
2530
2526
2531
2542
2531
2542
2536
2538
2532
2540
2548
2541
2552
2523
2539
2553
2539
2545
2545
2556
2558
2562
2538
2543
2557
2557
2551
2556
2566
2549
2558
2551
2551
2560
2555
2558
2556
2550
2529
2529
2526
2504
2493
2480
2471
2459
2470
2444
2434
2428
2427
2435
2414
2393
2396
2375
2354
2368
2359
2393
2352
2357
2378
2383
2388
2390
2382
2390
2382
2387
2390
2387
2385
2382
2382
2387
2389
2383
2386
2380
2384
2397
2378
2383
2392
2394
2387
2392
2383
2395
2388
2399
2381
2391
2392
2383
2404
2389
2391
2399
2388
2387
2409
2408
2417
2419
2425
2431
2427
2425
2442
2441
2445
2454
2462
2467
2472
2490
2481
2484
2508
2500
2533
2539
2544
2556
2590
2584
2591
2591
2598
2620
2615
2632
2634
2658
2655
2660
2681
2677
2689
2691
2697
2699
2695
2705
2692
2709
2710
2711
2710
2713
2712
2723
2736
2730
2712
2717
2716
2727
2736
2732
2727
2731
2730
2725
2728
2722
2730
2741
2735
2735
2729
2740
2735
2728
2746
2730
2742
2735
2731
2741
2747
2742
2750
2755
2735
2745
2756
2757
2735
2802
2746
2751
2758
2751
2749
2756
2748
2759
2767
2652
2755
2750
2759
2761
2761
2762
2759
2764
2760
2767
2768
2743
2756
2747
2741
2753
2752
2763
2767
2762
2771
2771
2775
2750
2747
2755
2742
2723
2749
2757
2731
2727
2745
2742
2751
2760
2768
2764
2738
2743
2748
2735
2743
2750
2762
2760
2764
2780
2744
2739
2755
2757
2753
2767
2768
2768
2773
2780
2721
2747
2746
2745
2715
2729
2738
2724
2728
2745
2717
2725
2724
2718
2731
2727
2734
2725
2714
2702
2715
2708
2706
2690
2700
2701
2681
2676
2655
2698
2665
2647
2632
2643
2630
2641
2608
2601
2589
2567
2566
2557
2542
2523
2527
2507
2603
2597
2600
2602
2605
2604
2603
2604
2602
2606
2602
2615
2606
2611
2609
2610
2613
2607
2619
2625
2610
2620
2610
2616
2610
2621
2616
2618
2616
2602
2621
2626
2617
2625
2625
2626
2620
2631
2635
2625
2625
2630
2635
2644
2635
2653
2652
2671
2672
2670
2680
2687
2673
2696
2702
2706
2709
2723
2732
2740
2746
2752
2766
2762
2790
2796
2808
2819
2813
2812
2821
2836
2832
2842
2861
2842
2854
2872
2873
2883
2882
2887
2876
2893
2896
2905
2902
2902
2904
2899
2914
2909
2915
2913
2916
2929
2931
2922
2951
2941
2939
2954
2948
2958
2967
2976
2971
2983
2990
2994
3002
2999
2995
3008
3005
3022
3030
3022
3006
3011
3017
3020
3012
3028
3029
3018
3017
3020
3025
3026
3038
3036
3032
3053
3035
3019
3024
3031
3023
3035
3044
3050
3050
3041
3064
3052
3069
3058
3050
3053
3061
3055
3062
3059
3061
3074
3071
3051
3073
3086
3080
3076
3081
3087
3089
3078
3083
3075
3051
3054
3052
3054
3069
3074
3079
3085
3083
3087
3088
3090
3089
3076
3077
3088
3078
3089
3084
3099
3095
3100
3103
3107
3115
3067
3084
3089
3105
3096
3091
3092
3094
3107
3106
3093
3108
3106
3108
3101
3114
3107
3108
3109
3108
3089
3076
3081
3069
3066
3059
3053
3049
3042
3026
3019
3009
2996
2998
2971
2966
2967
2959
2951
2935
2923
2905
2887
2875
2876
2856
2848
2836
2832
2818
2800
2861
2880
2888
2882
2881
2880
2884
2874
2884
2872
2877
2879
2885
2881
2881
2885
2885
2881
2881
