2668
2626
2610
2566
2552
2538
2505
2513
2511
2503
2495
2498
2504
2469
2495
2497
2512
2511
2520
2518
2509
2524
2525
2538
2545
2543
2537
2549
2572
2578
2580
2599
2606
2618
2635
2652
2672
2673
2687
2708
2722
2734
2752
2771
2783
2812
2824
2830
2845
2866
2888
2908
2920
2931
2940
2936
2961
2969
2984
2980
2995
2995
3002
2991
3007
3014
3007
3008
3005
3011
3011
3014
2978
2976
2985
2992
2993
2998
3014
3005
3009
3006
3006
2951
2960
2969
2964
2974
2944
2952
2940
2912
2909
2917
2908
2903
2894
2895
2893
2889
2886
2885
2880
2877
2864
2862
2850
2871
2881
2875
2883
2879
2896
2897
2907
2917
2918
2914
2924
2918
2919
2911
2897
2902
2895
2908
2898
2888
2877
2879
2862
2870
2848
2846
2840
2829
2822
2807
2819
2827
2822
2825
2801
2800
2792
2795
2772
2778
2782
2771
2771
2764
2764
2760
2767
2759
2755
2746
2759
2752
2757
2749
2730
2726
2722
2734
2738
2720
2705
2713
2716
2717
2719
2721
2727
2714
2719
2690
2707
2695
2695
2706
2688
2687
2693
2696
2692
2702
2686
2692
2679
2676
2693
2685
2685
2687
2688
2684
2680
2683
2670
2665
2671
2681
2685
2697
2683
2692
2684
2677
2671
2669
2675
2685
2674
2683
2672
2683
2679
2680
2677
2675
2674
2693
2676
2681
2686
2689
2692
2699
2691
2706
2700
2705
2720
2693
2703
2702
2703
2714
2705
2711
2707
2731
2729
2716
2731
2737
2755
2746
2760
2763
2789
2799
2806
2805
2815
2826
2831
2826
2853
2854
2864
2884
2888
2918
2924
2935
2940
2942
2958
2972
2982
2997
3001
3026
3028
3041
3050
3058
3080
3071
3074
3098
3114
3108
3119
3046
3066
3090
3092
3090
3107
3097
3121
3112
3136
3056
3062
3065
3064
3072
3089
3094
3105
3110
3103
3119
3134
3138
3079
3090
3083
3097
3107
3109
3122
3121
3124
3061
3062
3074
3073
3075
3082
3109
3113
3098
3106
3005
3113
3114
3118
3072
3069
3073
3076
3077
3095
3087
3100
3096
3103
3104
3098
3105
3046
3053
3060
3062
3065
3058
3062
3072
3081
3071
3075
3011
3012
3025
3007
3030
3017
3009
3030
3033
3027
3020
3030
3022
3037
2981
2970
2974
2983
2976
2983
2978
2990
2991
2979
2991
2982
2985
2985
2931
2939
2939
2942
2940
2954
2941
2943
2955
2911
2906
2910
2911
2915
2904
2914
2912
2915
2913
2922
2882
2895
2892
2888
2886
2892
2893
2887
2892
2849
2857
2858
2857
2859
2857
2855
2865
2848
2853
2862
2864
2843
2855
2852
2862
2852
2852
2849
2853
2850
2848
2844
2845
2844
2847
2831
2823
2821
2821
2812
2814
2810
2799
2799
2793
2782
2794
2791
2785
2789
2772
2773
2766
2768
2761
2745
2745
2736
2720
2721
2721
2705
2694
2689
2675
2673
2673
2657
2648
2644
2646
2630
2638
2647
2629
2612
2621
2625
2598
2603
2601
2617
2611
2624
2622
2600
2599
2583
2606
2593
2585
2587
2584
2598
2581
2585
2588
2593
2599
2583
2573
2604
2620
2619
2617
2623
2619
2616
2628
2629
2636
2634
2652
2653
2666
2674
2658
2681
2668
2663
2697
2688
2709
2708
2711
2711
2727
2717
2716
2703
2730
2745
2732
2733
2740
2754
2763
2763
2765
2758
2782
2767
2786
2808
2808
2806
2822
2814
2813
2838
2829
2850
2841
2851
2863
2853
2867
2857
2884
2860
2855
2880
2870
2883
2874
2885
2891
2876
2886
2897
2906
2902
2885
2919
2908
2912
2903
2919
2913
2907
2911
2904
2915
2904
2926
2904
2913
2917
2919
2911
2901
2907
2908
2910
2893
2904
2892
2905
2888
2904
2901
2890
2893
2888
2894
2889
2877
2879
2886
2879
2877
2876
2852
2859
2860
2864
2875
2867
2856
2877
2874
2858
2854
2865
2883
2865
2866
2857
2859
2840
2869
2859
2862
2862
2865
2870
2875
2888
2874
2875
2881
2886
2890
2889
2895
2891
2902
2894
2911
2906
2903
2917
2916
2914
2887
2905
2901
2905
2910
2916
2911
2909
2914
2923
2934
2932
2930
2937
2945
2940
2952
2871
2863
2868
2875
2878
2869
2876
2888
2884
2883
2870
2899
2888
2877
2900
2859
2850
2864
2879
2864
2868
2878
2869
2891
2886
2893
2899
2899
2867
2875
2873
2875
2882
2873
2878
2882
2878
2878
2896
2861
2869
2875
2882
2892
2884
2880
2887
2883
2892
2863
2874
2879
2865
2883
2879
2883
2876
2882
2876
2875
2886
2889
2885
2893
2892
2895
2898
2898
2905
2925
2902
2904
2899
2888
2902
2909
2915
2901
2909
2912
2916
2917
2906
2925
2923
2926
2929
2929
2919
2944
2938
2941
2940
2949
2950
2945
2965
2950
2959
2963
2961
2967
2968
2975
2975
2980
2976
2984
2987
2981
2984
2999
2998
3011
3001
3003
2973
2961
2979
2982
2990
2977
2989
2993
2987
2993
2982
2993
2998
2976
2979
2973
2979
2987
2978
2982
2986
2981
2986
2992
2992
2978
2988
2995
2994
2985
3017
2995
3003
2991
3003
2982
2987
2986
2989
2996
2972
2998
2991
2984
2987
2990
2988
2992
2988
2999
2985
2989
2985
2992
2981
2997
2999
2991
2992
2994
2987
2986
2984
2994
2989
2988
2978
2975
2980
2981
2972
2975
2979
2992
2989
2980
2981
2976
2998
2980
2981
2982
2986
2985
2983
2985
2990
2989
2989
2993
2994
2991
2954
2994
2997
3001
2998
2975
2971
2980
2978
2983
2969
2982
2987
2989
2984
2991
2982
2977
2986
2985
2949
2951
2948
2959
2958
2956
2955
2949
2937
2944
2939
2933
2919
2903
2894
2889
2867
2867
2846
2851
2846
2859
2822
2836
2827
2810
2814
2776
2789
2776
2768
2734
2761
2743
2722
2711
2707
2717
2697
2677
2746
2749
2727
2687
2719
2744
2735
2733
2699
2734
2739
2741
2735
2736
2730
2744
2738
2735
2739
2732
2726
2742
2728
2736
2733
2746
2739
2736
2740
2742
2732
2736
2739
2739
2739
2747
2752
2757
2743
2763
2751
2741
2751
2760
2765
2756
2768
2778
2763
2776
2785
2796
2792
2807
2808
2821
2840
2856
2874
2868
2885
2905
2920
2919
2908
2934
2935
2948
2955
2975
2986
2987
3073
3017
3009
3018
3033
3031
3043
3055
3064
3071
3071
3070
3088
3093
3096
3081
3098
3099
3097
3104
3088
3095
3099
3097
3110
3103
3090
3103
3107
3104
3105
3100
3101
3083
3098
3111
3117
3106
3111
3115
3117
3113
3106
3118
3119
3138
3115
3114
3112
3110
3112
3117
3113
3125
3134
3129
3127
3119
3121
3128
3121
3107
3110
3109
3106
3119
3112
3129
3126
3121
3135
3128
3129
3111
3123
3139
3120
3120
3119
3126
3124
3130
3124
3119
3129
3128
3057
3060
3083
3072
3072
3057
3066
3059
3072
3083
3081
3083
3079
3076
3086
3081
3086
3098
3085
3095
3089
3090
3083
3091
3098
3091
3102
3070
3085
3100
3087
3090
3087
3099
3100
3104
3082
3085
3101
3099
3092
3098
3107
3087
3099
3090
3090
3097
3092
3095
3093
3086
3062
3063
3060
3036
3023
3006
2996
2979
2992
2960
2947
2938
2938
2949
2920
2892
2895
2868
2840
2858
2849
2886
2836
2853
2877
2879
2885
2889
2878
2887
2877
2883
2886
2883
2877
2876
2874
2879
2883
2874
2879
2871
2876
2890
2868
2873
2884
2886
2877
2881
2874
2888
2879
2892
2871
2881
2884
2872
2898
2880
2883
2891
2878
2880
2905
2904
2917
2920
2926
2934
2928
2926
2949
2947
2950
2962
2973
2979
2987
3011
2999
3003
3034
3023
3064
3072
3077
3093
3134
3126
3136
3134
3144
3168
3164
3182
3184
3208
3207
3211
3230
3227
3240
3242
3246
3249
3244
3256
3243
3262
3264
3263
3261
3265
3264
3275
3291
3283
3266
3271
3269
3282
3291
3287
3281
3284
3284
3279
3279
3273
3281
3291
3285
3285
3281
3293
3285
3278
3297
3280
3293
3285
3281
3290
3297
3290
3300
3306
3282
3293
3306
3307
3284
3363
3297
3300
3307
3300
3296
3303
3295
3305
3315
3178
3299
3293
3300
3304
3303
3303
3299
3305
3300
3307
3307
3274
3288
3277
3269
3282
3282
3292
3297
3290
3300
3299
3303
3279
3275
3283
3272
3251
3277
3284
3260
3256
3275
3270
3277
3288
3295
3290
3262
3267
3270
3256
3265
3271
3282
3278
3281
3298
3256
3249
3265
3266
3260
3276
3276
3275
3279
3285
3227
3253
3252
3251
3219
3233
3244
3226
3230
3248
3217
3225
3224
3218
3229
3226
3232
3223
3210
3196
3209
3201
3197
3179
3190
3191
3166
3160
3134
3184
3144
3124
3103
3115
3100
3112
3071
3062
3045
3017
3015
3004
2986
2962
2966
2942
3065
3055
3058
3059
3064
3061
3061
3062
3058
3064
3058
3071
3063
3067
3066
3067
3069
3064
3078
3086
3067
3079
3067
3074
3067
3078
3073
3074
3072
3056
3078
3084
3073
3082
3082
3084
3077
3090
3094
3083
3083
3088
3095
3105
3095
3117
3115
3138
3142
3137
3149
3158
3143
3169
3178
3182
3185
3204
3216
3226
3234
3242
3259
3254
3287
3296
3309
3324
3316
3315
3326
3343
3337
3350
3372
3350
3363
3384
3386
3397
3397
3403
3390
3410
3413
3423
3419
3419
3421
3418
3433
3428
3434
3431
3435
3449
3451
3442
3470
3462
3458
3474
3468
3479
3487
3497
3491
3503
3509
3512
3521
3517
3512
3524
3522
3537
3546
3537
3519
3523
3531
3535
3523
3539
3542
3530
3529
3532
3535
3537
3547
3545
3542
3562
3541
3524
3531
3536
3524
3538
3546
3552
3552
3541
3564
3551
3568
3558
3547
3551
3557
3551
3557
3554
3553
3566
3562
3537
3563
3576
3569
3565
3569
3572
3575
3564
3568
3557
3534
3536
3533
3533
3546
3549
3556
3560
3558
3562
3561
3562
3561
3547
3547
3558
3546
3557
3551
3565
3562
3566
3566
3569
3577
3529
3543
3547
3564
3555
3548
3549
3548
3560
3561
3547
3561
3557
3559
3552
3566
3556
3556
3557
3556
3536
3524
3528
3517
3512
3506
3499
3494
3487
3468
3459
3448
3433
3434
3402
3396
3398
3386
3378
3356
3342
3319
3296
3280
3282
3255
3245
3230
3225
3208
3185
3264
3286
3295
3286
3286
3283
3287
3276
3286
3274
3277
3280
3286
3280
3281
3285
3284
3282
3280
