2951
2970
3009
3009
3025
3044
3034
3065
3074
3076
3078
3092
3078
3082
3117
3126
3147
3153
3173
3176
3174
3191
3197
3211
3221
3221
3209
3223
3245
3251
3251
3266
3268
3280
3277
3279
3280
3256
3254
3259
3258
3257
3270
3279
3279
3298
3300
3294
3300
3307
3317
3327
3325
3324
3320
3303
3319
3315
3325
3309
3314
3304
3300
3280
3288
3288
3270
3262
3248
3247
3242
3232
3181
3166
3176
3173
3165
3166
3173
3157
3156
3140
3131
3059
3061
3067
3050
3052
3010
3009
2986
2950
2941
2944
2924
2917
2900
2895
2883
2867
2855
2846
2835
2828
2806
2797
2777
2791
2793
2784
2785
2775
2783
2780
2781
2787
2777
2767
2774
2762
2757
2756
2742
2748
2745
2761
2761
2757
2757
2771
2767
2788
2786
2795
2801
2807
2818
2818
2851
2866
2878
2899
2890
2903
2918
2936
2933
2956
2981
2984
3000
3016
3036
3050
3079
3088
3107
3117
3156
3167
3192
3205
3208
3222
3238
3270
3297
3299
3301
3334
3355
3377
3401
3426
3450
3459
3479
3466
3504
3518
3535
3566
3562
3578
3603
3623
3640
3665
3667
3686
3687
3703
3738
3744
3759
3779
3794
3802
3812
3825
3825
3830
3855
3881
3894
3914
3909
3934
3927
3939
3937
3949
3965
3977
3979
4000
3992
4015
4017
4022
4022
4027
4032
4065
4045
4057
4069
4072
4081
4095
4087
4109
4107
4119
4136
4107
4115
4119
4125
4139
4128
4142
4131
4167
4162
4151
4169
4172
4199
4188
4210
4211
4238
4251
4257
4258
4269
4280
4289
4281
4313
4309
4323
4344
4350
4387
4397
4409
4417
4417
4440
4462
4471
4492
4503
4537
4538
4554
4569
4576
4605
4594
4596
4631
4658
4645
4666
4544
4577
4617
4623
4613
4643
4620
4653
4642
4678
4547
4556
4560
4558
4574
4601
4613
4629
4635
4625
4651
4685
4685
4579
4602
4587
4620
4639
4643
4667
4666
4676
4572
4586
4604
4606
4613
4623
4672
4691
4662
4686
4538
4697
4712
4723
4651
4641
4656
4666
4675
4714
4708
4730
4737
4752
4764
4754
4775
4667
4690
4715
4725
4736
4735
4744
4778
4802
4790
4812
4704
4707
4743
4724
4773
4761
4753
4792
4812
4811
4802
4836
4823
4864
4771
4760
4777
4799
4798
4820
4822
4854
4856
4853
4877
4870
4882
4896
4804
4825
4841
4859
4860
4898
4885
4894
4928
4853
4855
4869
4879
4896
4894
4924
4929
4943
4952
4980
4916
4939
4942
4951
4954
4979
4985
4989
5004
4937
4966
4968
4979
4992
4993
5002
5027
5008
5026
5057
5073
5038
5068
5072
5096
5089
5096
5099
5117
5120
5116
5124
5132
5141
5147
5131
5121
5129
5133
5123
5128
5132
5116
5121
5116
5099
5132
5132
5127
5144
5121
5122
5114
5122
5124
5096
5104
5095
5080
5088
5093
5075
5059
5054
5045
5047
5051
5028
5024
5027
5035
5016
5029
5053
5027
5006
5029
5036
4999
5014
5012
5044
5043
5067
5062
5037
5038
5011
5056
5040
5029
5038
5041
5071
5043
5063
5067
5083
5094
5073
5055
5109
5146
5149
5146
5163
5160
5157
5180
5184
5200
5202
5230
5233
5262
5287
5261
5295
5277
5273
5331
5325
5360
5365
5373
5382
5409
5396
5398
5378
5431
5457
5436
5434
5456
5479
5501
5505
5510
5505
5545
5525
5554
5600
5597
5601
5626
5622
5623
5672
5658
5702
5686
5703
5728
5719
5750
5735
5777
5745
5748
5791
5781
5807
5794
5818
5829
5810
5833
5859
5877
5872
5854
5911
5904
5913
5905
5941
5935
5931
5938
5936
5953
5940
5986
5953
5973
5989
5995
5989
5972
5996
6001
6019
5986
6008
5992
6028
5993
6030
6033
6015
6028
6023
6041
6040
6024
6022
6043
6034
6040
6046
6004
6020
6030
6040
6070
6061
6039
6093
6093
6063
6058
6087
6136
6095
6106
6091
6102
6072
6132
6119
6128
6133
6140
6168
6184
6207
6184
6195
6220
6239
6249
6252
6268
6268
6301
6285
6332
6327
6332
6374
6380
6371
6316
6367
6359
6373
6389
6405
6404
6396
6424
6437
6465
6465
6467
6486
6505
6496
6527
6336
6332
6345
6365
6377
6358
6382
6400
6410
6399
6381
6443
6429
6409
6460
6363
6343
6385
6428
6392
6406
6435
6423
6472
6459
6481
6500
6499
6413
6434
6433
6441
6464
6455
6465
6474
6470
6472
6516
6438
6458
6467
6492
6520
6501
6489
6514
6500
6524
6445
6473
6492
6460
6504
6493
6503
6495
6501
6484
6486
6520
6521
6514
6535
6525
6544
6550
6541
6561
6608
6550
6555
6543
6521
6541
6560
6583
6539
6565
6575
6589
6586
6559
6608
6596
6613
6613
6620
6599
6655
6639
6647
6645
6667
6665
6654
6700
6665
6681
6698
6697
6711
6707
6730
6726
6743
6728
6741
6748
6747
6752
6777
6776
6807
6789
6787
6721
6685
6736
6735
6758
6730
6757
6765
6753
6767
6757
6775
6796
6731
6739
6729
6741
6761
6743
6761
6758
6759
6778
6791
6786
6765
6791
6810
6812
6789
6865
6816
6835
6811
6844
6802
6813
6803
6825
6846
6786
6863
6842
6821
6828
6842
6845
6850
6849
6869
6847
6858
6849
6865
6842
6887
6886
6876
6879
6888
6880
6872
6864
6898
6882
6894
6874
6865
6888
6878
6866
6877
6893
6924
6929
6907
6917
6909
6960
6928
6934
6935
6942
6950
6956
6963
6986
6980
6976
6992
6999
6996
6914
7008
7021
7031
7024
6975
6971
7005
6997
7013
6984
7015
7039
7035
7029
7047
7032
7027
7055
7060
6948
6959
6949
6987
6983
6980
6980
6965
6940
6959
6955
6921
6897
6869
6836
6825
6774
6765
6725
6741
6729
6762
6670
6708
6684
6657
6668
6583
6618
6590
6577
6505
6564
6531
6496
6477
6470
6486
6448
6407
6549
6560
6524
6435
6510
6559
6550
6541
6456
6543
6556
6560
6546
6548
6543
6569
6563
6559
6560
6538
6534
6569
6536
6545
6540
6566
6551
6554
6555
6558
6541
6546
6553
6547
6550
6565
6566
6575
6549
6583
6556
6542
6557
6568
6579
6560
6586
6599
6569
6592
6606
6628
6620
6646
6646
6666
6700
6731
6761
6749
6780
6810
6844
6846
6810
6860
6860
6895
6905
6939
6956
6952
7154
7025
7000
7024
7059
7052
7062
7096
7127
7137
7136
7129
7178
7172
7181
7147
7184
7181
7168
7192
7147
7158
7158
7159
7177
7163
7131
7158
7163
7147
7144
7145
7133
7090
7122
7148
7162
7126
7138
7133
7140
7123
7099
7127
7126
7163
7099
7098
7096
7086
7086
7098
7086
7104
7117
7103
7090
7071
7076
7097
7073
7032
7036
7028
7019
7035
7019
7060
7046
7033
7065
7045
7041
6998
7025
7054
7017
7007
6996
7004
7001
7015
6994
6985
6997
6986
6819
6825
6871
6850
6845
6802
6825
6811
6837
6861
6854
6857
6841
6832
6857
6829
6850
6869
6833
6854
6827
6833
6817
6832
6850
6817
6847
6772
6807
6836
6794
6804
6804
6828
6827
6838
6773
6778
6807
6804
6781
6787
6811
6765
6779
6764
6761
6773
6759
6771
6755
6732
6678
6665
6651
6597
6560
6523
6494
6458
6484
6414
6390
6372
6373
6386
6333
6278
6276
6231
6180
6209
6192
6267
6153
6183
6222
6217
6224
6225
6197
6214
6188
6192
6193
6190
6169
6175
6164
6170
6171
6156
6153
6140
6148
6164
6120
6123
6143
6137
6108
6114
6103
6120
6100
6122
6074
6088
6088
6059
6101
6064
6063
6075
6037
6036
6074
6073
6086
6084
6083
6098
6084
6069
6106
6097
6092
6107
6123
6124
6138
6172
6137
6142
6198
6167
6231
6245
6242
6265
6335
6321
6327
6319
6334
6375
6365
6391
6388
6440
6432
6432
6471
6454
6476
6481
6478
6482
6467
6487
6444
6479
6474
6478
6468
6471
6463
6479
6500
6482
6435
6436
6433
6452
6460
6440
6438
6432
6417
6411
6402
6393
6402
6414
6395
6391
6375
6396
6371
6354
6384
6347
6364
6334
6328
6340
6353
6331
6348
6362
6304
6319
6331
6333
6287
6433
6303
6303
6300
6291
6279
6283
6272
6276
6291
6024
6240
6223
6241
6241
6237
6226
6222
6223
6209
6214
6212
6155
6175
6148
6130
6148
6144
6163
6165
6159
6167
6159
6158
6104
6096
6112
6084
6034
6087
6098
6035
6024
6057
6049
6053
6071
6084
6069
6006
6012
6020
5984
5990
6004
6026
6017
6018
6051
5963
5947
5973
5981
5963
5991
5982
5985
5990
6004
5875
5918
5909
5907
5843
5863
5878
5847
5851
5872
5819
5828
5822
5810
5829
5814
5822
5800
5780
5748
5770
5746
5738
5704
5717
5714
5667
5653
5605
5696
5613
5576
5546
5567
5533
5552
5480
5471
5444
5395
5397
5371
5345
5305
5305
5269
5462
5444
5437
5435
5438
5429
5423
5422
5413
5417
5413
5423
5402
5407
5403
5402
5397
5387
5400
5405
5380
5391
5367
5368
5365
5372
5368
5355
5354
5318
5349
5355
5339
5347
5340
5343
5324
5334
5337
5313
5315
5318
5321
5330
5311
5336
5335
5358
5359
5354
5358
5369
5337
5376
5382
5383
5380
5406
5410
5427
5430
5431
5460
5446
5496
5497
5510
5529
5514
5506
5517
5535
5524
5535
5571
5517
5540
5569
5561
5577
5575
5575
5552
5579
5579
5587
5582
5573
5569
5566
5581
5570
5570
5561
5562
5575
5578
5559
5606
5581
5576
5596
5581
5598
5600
5611
5591
5611
5620
5613
5631
5622
5606
5625
5615
5638
5646
5626
5590
5593
5600
5602
5579
5606
5604
5577
5569
5568
5577
5571
5585
5576
5563
5598
5560
5515
5530
5534
5509
5527
5544
5548
5543
5523
5558
5522
5555
5531
5509
5511
5517
5506
5506
5496
5493
5511
5500
5464
5504
5510
5501
5485
5490
5493
5492
5469
5477
5451
5413
5404
5396
5393
5415
5420
5427
5425
5423
5423
5424
5421
5416
5392
5385
5405
5376
5386
5375
5394
5389
5389
5389
5387
5399
5313
5337
5337
5365
5345
5324
5330
5329
5349
5345
5316
5334
5329
5325
5307
5329
5314
5310
5307
5302
5266
5237
5241
5223
5214
5193
5181
5169
5154
5120
5108
5091
5066
5061
5014
5001
5003
4981
4970
4938
4912
4884
4857
4832
4831
4796
4777
4758
4749
4721
4691
4778
4808
4817
4803
4801
4791
4794
4775
4791
4767
4776
4771
4775
4765
4763
4766
4762
4757
4754
