2970
2945
2944
2912
2914
2910
2886
2908
2918
2918
2917
2932
2940
2899
2944
2952
2980
2987
3007
3013
3011
3036
3045
3063
3079
3082
3081
3099
3134
3147
3157
3182
3202
3221
3245
3271
3301
3306
3330
3364
3387
3407
3442
3477
3502
3552
3580
3604
3637
3681
3725
3768
3802
3833
3865
3880
3931
3960
3997
4014
4052
4073
4100
4106
4148
4174
4187
4203
4220
4248
4266
4287
4258
4275
4302
4324
4341
4361
4397
4400
4418
4431
4442
4366
4389
4415
4415
4442
4416
4437
4430
4401
4405
4426
4423
4426
4418
4428
4434
4435
4437
4444
4441
4444
4431
4433
4423
4462
4485
4480
4497
4498
4529
4537
4555
4574
4577
4560
4564
4540
4524
4492
4448
4434
4400
4396
4367
4334
4306
4301
4269
4274
4236
4230
4217
4198
4183
4161
4176
4189
4179
4179
4138
4133
4114
4116
4076
4079
4081
4061
4056
4043
4036
4026
4032
4010
4002
3980
3993
3975
3976
3959
3921
3910
3899
3912
3910
3879
3852
3854
3853
3847
3842
3841
3840
3814
3816
3769
3785
3765
3758
3768
3736
3727
3728
3728
3716
3723
3695
3696
3675
3666
3684
3667
3663
3664
3659
3648
3640
3640
3616
3604
3613
3623
3625
3638
3616
3628
3612
3601
3593
3588
3597
3609
3591
3604
3590
3606
3602
3602
3599
3599
3600
3629
3606
3618
3628
3631
3642
3656
3649
3670
3668
3680
3705
3673
3693
3697
3707
3724
3720
3736
3734
3776
3781
3773
3801
3818
3854
3848
3879
3894
3938
3965
3984
3992
4019
4041
4061
4064
4115
4124
4150
4193
4209
4263
4282
4310
4329
4343
4379
4411
4434
4466
4481
4522
4538
4565
4589
4612
4652
4649
4666
4711
4744
4744
4771
4678
4717
4758
4771
4775
4806
4801
4841
4832
4877
4757
4769
4781
4782
4802
4831
4846
4867
4874
4875
4902
4931
4937
4860
4876
4871
4891
4908
4911
4929
4927
4933
4830
4833
4847
4848
4846
4856
4892
4899
4876
4886
4725
4887
4888
4891
4827
4821
4822
4823
4816
4837
4819
4829
4818
4825
4819
4804
4808
4717
4721
4724
4718
4714
4701
4696
4705
4707
4685
4681
4577
4571
4580
4545
4569
4541
4522
4540
4535
4519
4499
4507
4485
4496
4410
4386
4382
4383
4366
4364
4347
4353
4343
4321
4326
4303
4297
4287
4203
4202
4194
4188
4174
4182
4157
4149
4158
4090
4075
4071
4062
4057
4031
4039
4028
4021
4011
4014
3948
3957
3944
3934
3923
3923
3914
3901
3899
3835
3838
3830
3822
3819
3809
3798
3804
3778
3777
3783
3780
3746
3756
3746
3751
3735
3729
3718
3720
3711
3704
3695
3690
3686
3683
3664
3649
3641
3638
3625
3622
3616
3597
3596
3586
3571
3583
3576
3567
3570
3550
3547
3536
3538
3528
3507
3506
3493
3470
3473
3471
3449
3434
3426
3407
3405
3405
3380
3369
3364
3366
3348
3358
3374
3347
3325
3340
3349
3312
3320
3319
3344
3340
3362
3356
3334
3333
3314
3349
3332
3326
3332
3333
3355
3335
3346
3351
3362
3374
3358
3348
3389
3416
3419
3419
3432
3434
3432
3451
3456
3473
3474
3501
3505
3528
3545
3527
3558
3546
3544
3595
3589
3620
3624
3630
3634
3661
3651
3653
3636
3681
3706
3686
3693
3704
3731
3747
3747
3753
3743
3785
3764
3794
3830
3832
3831
3855
3848
3850
3887
3875
3903
3893
3908
3929
3915
3936
3922
3956
3924
3916
3952
3939
3956
3942
3957
3963
3941
3953
3970
3980
3974
3946
3993
3976
3981
3963
3985
3974
3961
3965
3953
3962
3947
3972
3940
3947
3951
3947
3934
3913
3920
3917
3917
3888
3899
3877
3890
3862
3878
3873
3851
3850
3838
3841
3829
3807
3804
3807
3795
3787
3783
3743
3745
3743
3742
3754
3737
3717
3738
3730
3704
3690
3699
3718
3688
3685
3667
3667
3634
3667
3651
3649
3644
3641
3642
3644
3653
3630
3628
3630
3631
3629
3624
3625
3617
3624
3608
3624
3615
3606
3619
3613
3606
3571
3587
3581
3579
3582
3585
3576
3571
3574
3580
3590
3586
3579
3585
3591
3583
3596
3492
3480
3486
3490
3493
3480
3485
3497
3491
3488
3470
3503
3490
3476
3502
3446
3435
3450
3468
3449
3454
3465
3454
3480
3475
3484
3491
3492
3451
3462
3458
3462
3470
3455
3461
3466
3465
3464
3488
3444
3455
3465
3474
3487
3479
3476
3488
3484
3497
3464
3481
3489
3475
3500
3496
3504
3499
3509
3502
3504
3522
3525
3526
3537
3539
3545
3553
3555
3566
3596
3565
3571
3569
3560
3578
3588
3600
3586
3601
3608
3614
3618
3609
3635
3637
3643
3650
3653
3645
3677
3673
3680
3683
3696
3701
3698
3725
3710
3725
3731
3734
3743
3749
3759
3762
3771
3769
3780
3787
3781
3789
3809
3812
3831
3819
3825
3790
3778
3801
3805
3819
3805
3820
3826
3821
3829
3817
3833
3841
3812
3815
3810
3817
3827
3818
3824
3827
3824
3830
3838
3839
3821
3834
3840
3842
3830
3868
3841
3848
3833
3848
3823
3829
3826
3829
3837
3806
3838
3827
3818
3819
3823
3819
3820
3816
3827
3806
3809
3806
3809
3796
3813
3812
3801
3799
3798
3791
3784
3782
3789
3783
3777
3764
3758
3760
3760
3745
3748
3749
3762
3755
3740
3738
3730
3754
3728
3728
3725
3726
3722
3717
3717
3720
3715
3712
3713
3711
3705
3657
3704
3703
3706
3699
3663
3655
3662
3658
3661
3643
3654
3658
3654
3647
3654
3640
3631
3640
3637
3588
3588
3582
3594
3590
3584
3579
3570
3554
3562
3555
3544
3528
3507
3494
3487
3458
3455
3428
3434
3424
3440
3392
3408
3393
3372
3375
3322
3339
3320
3308
3265
3297
3273
3244
3232
3225
3236
3210
3184
3270
3274
3246
3198
3236
3270
3259
3257
3216
3259
3264
3267
3259
3261
3254
3272
3266
3263
3270
3259
3255
3275
3260
3268
3266
3284
3275
3274
3280
3284
3274
3278
3285
3285
3288
3298
3305
3313
3296
3323
3311
3300
3315
3327
3332
3324
3341
3356
3339
3355
3372
3386
3383
3404
3408
3425
3451
3480
3504
3498
3525
3550
3575
3575
3560
3597
3600
3620
3631
3658
3672
3676
3785
3716
3709
3723
3742
3743
3755
3772
3785
3793
3793
3795
3816
3822
3826
3806
3825
3827
3827
3837
3818
3825
3829
3829
3843
3837
3820
3835
3842
3836
3840
3834
3835
3811
3832
3847
3851
3839
3842
3847
3851
3844
3835
3848
3849
3872
3840
3841
3837
3832
3835
3841
3835
3848
3858
3851
3849
3835
3838
3845
3834
3811
3812
3810
3807
3818
3807
3825
3821
3813
3829
3819
3816
3793
3805
3824
3797
3793
3790
3795
3791
3796
3786
3776
3788
3782
3695
3696
3718
3703
3703
3683
3689
3681
3692
3703
3700
3696
3689
3684
3694
3684
3687
3697
3681
3689
3679
3678
3668
3674
3681
3668
3679
3640
3656
3671
3651
3653
3649
3660
3659
3662
3638
3641
3656
3651
3641
3645
3654
3628
3639
3628
3626
3631
3624
3626
3620
3611
3581
3579
3573
3546
3527
3505
3491
3468
3482
3442
3423
3409
3407
3417
3383
3343
3346
3309
3272
3295
3282
3322
3262
3289
3321
3320
3328
3333
3317
3331
3316
3322
3327
3324
3314
3314
3312
3317
3324
3312
3318
3310
3316
3333
3307
3315
3329
3330
3321
3327
3318
3335
3327
3340
3318
3329
3335
3323
3355
3333
3337
3349
3335
3338
3369
3372
3387
3391
3403
3414
3408
3407
3435
3434
3441
3458
3472
3482
3495
3528
3515
3520
3562
3551
3603
3617
3626
3647
3698
3693
3706
3705
3721
3751
3749
3772
3776
3805
3806
3813
3834
3830
3847
3850
3853
3860
3857
3871
3858
3883
3886
3889
3884
3888
3890
3902
3922
3914
3898
3904
3904
3920
3930
3926
3919
3923
3923
3918
3919
3910
3918
3932
3923
3926
3921
3936
3925
3917
3940
3921
3935
3924
3922
3933
3941
3931
3945
3953
3922
3935
3949
3951
3923
4014
3935
3937
3945
3935
3931
3939
3927
3937
3948
3784
3924
3917
3923
3924
3925
3921
3915
3922
3914
3920
3918
3872
3885
3872
3861
3873
3873
3880
3883
3877
3887
3885
3886
3856
3848
3853
3845
3817
3844
3849
3823
3816
3835
3827
3832
3841
3845
3839
3799
3805
3805
3788
3796
3799
3810
3803
3804
3821
3762
3754
3767
3766
3759
3775
3771
3768
3770
3775
3709
3736
3732
3729
3690
3703
3713
3691
3694
3709
3674
3680
3678
3668
3679
3672
3677
3666
3650
3630
3644
3631
3625
3603
3613
3613
3581
3571
3539
3598
3547
3521
3495
3508
3488
3501
3451
3438
3416
3381
3378
3363
3341
3312
3316
3288
3441
3425
3428
3428
3436
3430
3432
3432
3428
3433
3430
3442
3435
3437
3437
3438
3442
3437
3453
3464
3442
3456
3443
3449
3444
3457
3453
3455
3454
3435
3462
3471
3458
3469
3471
3478
3467
3485
3490
3478
3481
3490
3497
3509
3500
3527
3528
3556
3563
3560
3574
3589
3570
3604
3616
3622
3626
3654
3670
3685
3696
3705
3732
3727
3771
3784
3799
3820
3813
3814
3828
3850
3848
3864
3894
3868
3887
3912
3916
3930
3931
3940
3926
3951
3956
3969
3967
3968
3970
3971
3988
3986
3993
3989
3996
4013
4017
4007
4041
4033
4029
4048
4041
4054
4063
4075
4067
4082
4088
4091
4102
4097
4091
4104
4101
4120
4129
4118
4096
4102
4110
4111
4098
4117
4119
4105
4103
4106
4109
4109
4118
4115
4111
4133
4107
4085
4093
4096
4081
4095
4103
4106
4105
4091
4115
4097
4116
4103
4089
4092
4097
4087
4091
4086
4081
4095
4088
4057
4084
4096
4087
4079
4079
4083
4083
4067
4070
4053
4025
4026
4020
4015
4026
4027
4032
4034
4029
4032
4027
4024
4021
4005
4001
4012
3996
4005
3995
4009
4002
4001
3999
4000
4008
3951
3964
3965
3980
3968
3958
3957
3953
3964
3964
3946
3958
3951
3952
3941
3955
3943
3940
3940
3936
3913
3899
3903
3888
3883
3873
3863
3857
3847
3823
3813
3798
3779
3779
3738
3730
3730
3713
3704
3677
3658
3629
3600
3579
3581
3551
3537
3521
3514
3492
3466
3565
3591
3601
3588
3589
3587
3590
3579
3591
3578
3580
3585
3593
3585
3589
3594
3595
3590
3591
